000000011100011111111111000000000000000000
000000001011100110000000100000000000000000
000000000100111111111111111110000000000000
000000001110000000000000110000000000000000
000000011001100000111111111110000000000000
000000000111011011000000011000000000000000
000000011110110110001111101111100000000000
000000000001101101111000001100000000000000
000000111110010110000111110111000000000000
000000000001101000000000111100000000000000
000000011111011000000010001111100000000000
000000000000110100000101111100000000000000
000000011111101010000111001111100000000000
000000100011111110000001110000000000000000
000000011110000001111110001110000000000000
000000110000111111111101111110000000000000
000000000111000000000011000001000000000000
000000001000011111111100111110000000000000
000000001111110000000011000000000000000000
000000000000001111111000110000000000000000
000000011100001100000000000000000000000000
000000000011110000000000000000000000000000
000000111110011100000000000000000000000000
000000011101110010000000000000000000000000
000000000110011100000000000000000000000000
000000000011100011000000000000000000000000
000000011110011000000000000000000000000000
000000000011100000000000000000000000000000
000000111110011100000000000000000000000000
000000011001111100000000000000000000000000
000000000000000000000000000000000000000000