000000000000011000110000000000000000000000
000000000000100111111000000000000000000000
000000000000111000100000000000000000000000
000000000000000111101000000000000000000000
000000000000000100010000000000000000000000
000000000001111011110000000000000000000000
000000000000000110011000000000000000000000
000000000000111111111000000000000000000000
000000000000010001111000000000000000000000
000000000000001110000000000000000000000000
000000000001110101111100000000000000000000
000000000000011111100000000000000000000000
000000000001100111000000000000000000000000
000000000000011000111000000000000000000000
000000000001101111111000000000000000000000
000000000000010000000000000000000000000000
000000000000001111111100000000000000000000
000000000000100100000000000000000000000000
000000000000010011111100000000000000000000
000000000000101110000000000000000000000000
000000000000011001111100000111100000000000
000000000001100111111111111000010000000000
000000000000111111000000001111100000000000
000000000001000000110000110000000000000000
000000000000111111101111001111110000000000
000000000000011000010111111000000000000000
000000000000100111110000000111110000000000
000000000000011110011111111111100000000000
000000000000011101111000000011110000000000
000000000000000011001100111100000000000000
000000000000000000000000000000000000000000