000000000000000000000001111100000000000000
000000000000001111111111111111000000000000
000000000000000000000000011100000000000000
000000000000011111111111111111000000000000
000000000000010111100000011000000000000000
000000000000001110000111100111000000000000
000000000001111001111100111000000000000000
000000000000000111000011001110000000000000
000000000000111000111100000000000000000000
000000000001001111111000000000000000000000
000000000000010000000000000000000000000000
000000000000111111111000011100000000000000
000000000000000000001011111110000000000000
000000000000000000111110011110000000000000
000000000000000011011101111111000000000000
000000000000101000110110011100000000000000
000000000000010111000011100110000000000000
000000000001101100111111110000000000000000
000000000000010011101000111000000000000000
000000000001110000011100000000000000000000
000000000000111111110100000000000000000000
000000000000001000011000000000000000000000
000000000000110001100100000000000000000000
000000000000000111010000000000000000000000
000000000000111000101000000000000000000000
000000000000001111000000000000000000000000
000000000000010000111100000000000000000000
000000000001101111111000000000000000000000
000000000000000111110100000000000000000000
000000000000111000001100000000000000000000
000000000000000000000000000000000000000000