000000000000011110000000000000000000000000
000000001111100001111100000000000000000000
000000000000001111100011100000000000000000
000000000111110000011100000000000000000000
000000000000111101000010000000000000000000
000000000111000110111111111110000000000000
000000000000111101100000000000000000000000
000000000000000011011111111111110000000000
000000001111111100000000000000000000000000
000000000000000010000001001111000000000000
000000000111111110000000110000001000000000
000000000000000000000000010000001000000000
000000000100011110000000110001001000000000
000000000011111000000000101000101000000000
000000010010001100000000101010101100000000
000000001101111100000000101010101000000000
000000000011000000000000101001101000000000
000000011100111100000001101011101000000000
000000000111100100000011011010111000000000
000000001100011100000111010010011000000000
000000010111110100000100100110010000000000
000000000000001000111000100100110000000000
000000001111110111011100101101100000000000
000000000000011001110010011001000000000000
000000010001100011000000001000000000000000
000000001110001110011111110000000000000000
000000010001111101110000001000000000000000
000000110010001111001111100000000000000000
000000101111110000110000000000000000000000
000000110000111100000000000000000000000000
000000000000000000000000000000000000000000