000000000000000000001000000000000000000000
000000000000001111110111100000000000000000
000000000000110011111011111000000000000000
000000000001011100001110000000000000000000
000000000010100000110001111000000000000000
000000000100011000001110000000000000000000
000000001001100110010000111000000000000000
000000000010000001111011011100000000000000
000000000001111110001100110000000000000000
000000001110000000110011001000000000000000
000000000001111110000000110000000000000000
000000001110011000000000000000000000000000
000000010011100000000000000000000000000000
000000101100111100000000000000000000000000
000000011111011000000000000000000000000000
000000100001100000000000000000000000000000
000000111110111000000000000000000000000000
000000100011000000000000000000000000000000
000000011101111000000000000000000000000000
000000100010001100000000000000000000000000
000000011000110011000011101000000000000000
000000001110001100111111111000000000000000
000000000101110000111100001000000000000000
000000001011011111100111110000000000000000
000000000110111011011000000000000000000000
000000000001100010101111111000000000000000
000000000000011100001111111000000000000000
000000000000000011110001100000000000000000
000000000000011110001111001000000000000000
000000000000000001111110111000000000000000
000000000000000000000000000000000000000000