000000000001111111111000000000000000000000
000000001110000111111111111100000000000000
000000000000111110000000000000000000000000
000000000111000011110000011100000000000000
000000000000000000001111100000000000000000
000000000111111111111000001110000000000000
000000000000000000000111111100000000000000
000000000111001001111100000000000000000000
000000000000111110000001111110000000000000
000000000111101100011110000000000000000000
000000000000000011000000001000000000000000
000000000000001000111111000000000000000000
000000000000000111000000000000000000000000
000000000000001110111110000000000000000000
000000000000000011100110000000000000000000
000000000000001110111000000000000000000000
000000000000000001100110000000000000000000
000000000000000000011000000000000000000000
000000000000000011000000000000000000000000
000000000000001100111111000000000000000000
000000000000001010000000000000000000000000
000000000000001101001110000000000000000000
000000000000000010110011000000000000000000
000000000000000001011100000000000000000000
000000000000001110110011000000000000000000
000000000000000011001100000000000000000000
000000000000000000111110000000000000000000
000000000000001111000010000000000000000000
000000000000000001111100000000000000000000
000000000000000110000011000000000000000000
000000000000000000000000000000000000000000