000000000000000000000000000000000010000000
000000001111111110000001111111111100000000
000000001111100000000010110000000000000000
000000000000011100000011001111000000000000
000000000111111111100100010001100000000000
000000000000001111000001111110000000000000
000000000000001111110010000001000000000000
000000000000111111000111111100000000000000
000000000000000011111000111010000000000000
000000000001100100001111000100000000000000
000000000000011100010000000000000000000000
000000000000000111111111111000000000000000
000000000000001000000000111000000000000000
000000000000000111111111100000000000000000
000000000000000100000000110000000000000000
000000000000000011111111100000000000000000
000000000000000110000000011100000000000000
000000000000000001100111110000000000000000
000000000000001110011100000010000000000000
000000000000010001100011111100000000000000
000000000000000100010000000111100000000000
000000000001111011100001111100000000000000
000000000000000110010010000111110000000000
000000000000111001100001111100000000000000
000000000001000110000000000011111000000000
000000000111111101000001111100000000000000
000000011100111011000000001111111110000000
000000000111000000000000110011111000000000
000000111001111110000000001000000111000000
000000111110000000000000000100111000000000
000000000000000000000000000000000000000000