000000000000000000001111000000000000000000
000000000000000000111110100000000000000000
000000000000001111000001111111000000000000
000000000000000111111111000000000000000000
000000000000001000000000111111000000000000
000000000000110001111111100000000000000000
000000000000000000000000011111000000000000
000000000000001111111000110000000000000000
000000000001111000000000001100000000000000
000000000000001111110000000100000000000000
000000000101110000000000000000000000000000
000000000011101111111000000000000000000000
000000000000011100000111111000000000000000
000000000000100001111000000110000000000000
000000000001011110000111111110000000000000
000000000000111111111000000001100000000000
000000000000100000000111111111100000000000
000000000000011111111000010000000000000000
000000000000000000011111111111000000000000
000000000000000000000000001110110000000000
000000000001000000000011100001100000000000
000000000001101000000000011001000000000000
000000000000111101011100110110100000000000
000000000010110110101011001001100000000000
000000000011011011110110110110000000000000
000000000001111011101001001100000000000000
000000000110101100111000000000000000000000
000000001011010111000111110000000000000000
000000000100101100111100000000000000000000
000000000000000111111100000000000000000000
000000000000000000000000000000000000000000