000000000000000000110000000000000000000000
000000000000000000001111111000000000000000
000000000000000000110110000100000000000000
000000000000000001111001111000000000000000
000000000000000000000111111100000000000000
000000000000000011111100011000000000000000
000000000000000000111000000110000000000000
000000000000000011100011111100000000000000
000000000000000000111110111100000000000000
000000000000001111000111000011000000000000
000000000000000111110010100100100000000000
000000000000011000111001011011000000000000
000000000000000000111011011000100000000000
000000000000000101011010101010010000000000
000000000000001000101001101010010000000000
000000000001011001101001011010110000000000
000000000011110101010000110100001000000000
000000000011010100010001100100111100000000
000000000011010101110001000000100100000000
000000000011101101101111100011111100000000
000000000011101010010010011100000110000000
000000000011101010011101111011110000000000
000000000101101010000111101111001100000000
000000001100101010011110000000011011000000
000000010100111010000001111111100111000000
000000001001010100011110000100011000000000
000000001001011011000000000011101111100000
000000011101000110000000000000111001100000
000000101010001100000000000011000110000000
000000001000000000000000000000001001100000
000000000000000000000000000000000000000000