000000000000000000000000001000000000000000
000000000011111111000000111111111100000000
000000000111111100000011100000000000000000
000000000000000010000010011111100000000000
000000000000111111110000000000000000000000
000000000000000000000011111111110000000000
000000000000001111110001111100000000000000
000000000000000000000010000000000000000000
000000000000001111111101111110000000000000
000000000000000011110011111001000000000000
000000000000011110001111111110000000000000
000000000000000000001000000000000000000000
000000000000000111110111111000000000000000
000000000000000000000110000000000000000000
000000000000000011111011110000000000000000
000000000000000001111100000000000000000000
000000000000000000000001000000000000000000
000000000000000011111110000000000000000000
000000000000000000000011100000000000000000
000000000000000010001100000000000000000000
000000000000000001000011100000000000000000
000000000000000000111100000000000000000000
000000000000000010001111000000000000000000
000000000000000001111100000000000000000000
000000000000000010000011000000000000000000
000000000000000001111111000000000000000000
000000000000000010000000000000000000000000
000000000000000101111111100000000000000000
000000000000000010000000000000000000000000
000000000000000001111111000000000000000000
000000000000000000000000000000000000000000