000000000000001111111111000000000000000000
000000000001110000000000000000000000000000
000000000010000111111111111000000000000000
000000001100111000000000000000000000000000
000000000000000001111111111110000000000000
000000000000000000000000000000000000000000
000000000111111111111111111111000000000000
000000001000000000000000000000000000000000
000000000000011000000000011111100000000000
000000111111100000000111111110000000000000
000001000000000000000000000001110000000000
000000111111110000000000011110000000000000
000001000010000000000000000011110000000000
000000111000010000000000001110000000000000
000000000111100000000000111001111000000000
000001110001000000000000000111100000000000
000000011111100000110001010101110000000000
000001101100000000001110111110000000000000
000000011010011100011101101001110000000000
000000100100110000000011011001100000000000
000000011001000111100001111100100000000000
000000100110001100001000101011000000000000
000000000100110001110111010101000000000000
000000001001100011000100101101100000000000
000000001111000110111110011010110000000000
000000000000011001000101001101011000000000
000000000001100000011110101010101100000000
000000000000000011110111010101110000000000
000000000000011100011100001110000000000000
000000000000000000000000001010000000000000
000000000000000000000000000100000000000000