000000000000000000000000000011100000000000
000000001111111100000000111100110000000000
000000000000000000000001111111100000000000
000000011111111100000000000000011000000000
000000000000000000000001000001111000000000
000000001111111000000000110111000000000000
000000000000011100000000001100111000000000
000000011000100000000001111011100000000000
000000100111111100000000000100110000000000
000000011000000000000000111000100000000000
000000000100000111000000000111110000000000
000000111111111000000001111100000000000000
000000000000000111111111110111111000000000
000000001001111000001110000000000000000000
000000000110000111110111111111000000000000
000000011000000000000000000000010000000000
000000000111111111111110000011100000000000
000000100000000000001111000111111000000000
000000011000011111110001111000000000000000
000000000111110000000001000000000000000000
000000100001111100000001111111111000000000
000000010100111000000000111000000000000000
000000001011111100000001000100010000000000
000000000110000000000000111101111000000000
000000011000000000000000001111000000000000
000000000111111100000000111100111000000000
000000100000000000000001100111000000000000
000000011111111100000000011000110000000000
000000000000000000000000110111000000000000
000000001111111100000000001000000000000000
000000000000000000000000000000000000000000