000000000011000000000000000000000000000000
000000001100111111111111100000000000000000
000000000011110000000000000000000000000000
000000000000001111111111111100000000000000
000000010011111101000001111000000000000000
000000001100000011111110000111000000000000
000000001010001100111000011110000000000000
000000000101110000001111100000000000000000
000000001111000100000000011111000000000000
000000000001111000000000001110000000000000
000000000111001100000110111000000000000000
000000011001111001111101100100000000000000
000000010110000110000111011000000000000000
000000100000000001111000110000000000000000
000000011001100100011111000000000000000000
000000011010011011110011111100000000000000
000000000101100110101100000000000000000000
000000001111011000010011100000000000000000
000000000010100100000100011111100000000000
000000111101011000000011111000000000000000
000000000110111000000110001111100000000000
000000000011000000001100001110000000000000
000000011101110000011000110001000000000000
000000001111001001100011000110000000000000
000000000001110001011110111000000000000000
000000001010011100100011000110000000000000
000000010111100011111100011100000000000000
000000001000011111001000100110000000000000
000000010110001100111001001100000000000000
000000011111110000000110000000000000000000
000000000000000000000000000000000000000000