000000000000000000011110000000000000000000
000000001111111111111111111000000000000000
000000001111110001111110001100000000000000
000000000000001110000000110010000000000000
000000000000000001111000001100000000000000
000000001111111111111111110111100000000000
000000000000001100000000111100000000000000
000000000111110011100111000011110000000000
000000001000001110000011111110000000000000
000000000111110000000000000000100000000000
000000001011111111000011111111010000000000
000000001110000000000001111111100000000000
000000010011100010001110000000100000000000
000000000000011110000111111111000000000000
000000001111111100111100011100100000000000
000000010000000011110011111011000000000000
000000001111111110111110000100000000000000
000000000111111111110011111000000000000000
000000001000000001111111000000000000000000
000000000000111111100000111100000000000000
000000001111111000000111100000000000000000
000000000111100110001000001100000000000000
000000000000011001000001111011000000000000
000000000111110110000110000000000000000000
000000011000001101000111111111110000000000
000000000111110010000000000000000000000000
000000000000001000000010101111111000000000
000000000011100110000001110000000000000000
000000000000011000000001001111111100000000
000000000111100111000000110000000000000000
000000000000000000000000000000000000000000