000000000000000000001000000000000000000000
000000000000000000011111100000000000000000
000000000000000111100001111000000000000000
000000000000011011111111000011000000000000
000000000001101100000000111101000000000000
000000000010110011111111000010100000000000
000000000100000000000000111101001000000000
000000000000111111111111001110111000000000
000000000011000000000001110001100100000000
000000001100011111111110001110011110000000
000000010111100000000001110001111000000000
000000001101111110000000011111100010000000
000000110110000000000000000000001110000000
000000001001111110000000001111111110000000
000000010110000000000000000000000100000000
000000111000111000000000001111111100000000
000000100111000000000000000000001000000000
000000011000011100000000001111110000000000
000000010011110100000000000000001111000000
000000011100011110000000011111111000000000
000000001111101111100011100000000110000000
000000010000111111111101111111111000000000
000000001111001111000000000000000100000000
000000000111111100111111111111111000000000
000000000000000011110000000000000000000000
000000000011111111000111111110000000000000
000000000000000001111100000001100000000000
000000000000001110000011111100000000000000
000000000000000100111110000010000000000000
000000000000000011000111110000000000000000
000000000000000000000000000000000000000000