000000000000000000010001000000000000000000
000000000000000111111110000000000000000000
000000000000000010000000000000000000000000
000000000000000001111110000000000000000000
000000000000000000000000000000000000000000
000000000000000011111111000000000000000000
000000000000000100111100000000000000000000
000000000000000011001110000000000000000000
000000000000000000000000000000000000000000
000000000000000111111111000000000000000000
000000000000000000000000000000000000000000
000000000000000010011111000000000000000000
000000000000000001100000000000000000000000
000000000000000110011110000000000000000000
000000000000011101100010000000000000000000
000000000000000111011100000000000000000000
000000000000000001111100000000000000000000
000000000000001110000000000000000000000000
000000000000000001111110000000000000000000
000000000000000000000111000000000000000000
000000000100000111111000000000000000000000
000000001011111100111111000000000000000000
000000010111000011100000000000000000000000
000000001000111110011110000000000000000000
000000010110000001110000000000000000000000
000000101101111111001100000000000000000000
000000011011010100111000000000000000000000
000000110110111011110000000000000000000000
000000001011010110000000000000000000000000
000000000100001101000000000000000000000000
000000000000000000000000000000000000000000