000000000000000000000001100000000000000000
000000001111111110000001111111111100000000
000000000001111000000001101000001100000000
000000011110011110000000011111110000000000
000000000001100100000001111000110000000000
000000010011111000000000101111110000000000
000000011000011100000011011010000000000000
000000101111100000000000110111000000000000
000000011101111110001111111100000000000000
000000010100000000000100001111000000000000
000000001111111100011111110000000000000000
000000010000000001100000011110000000000000
000000001111111110111111110000000000000000
000000000011000010000001111000000000000000
000000110011111101111111100000000000000000
000000001100110010010000000000000000000000
000000000011000001111111111000000000000000
000000111100000000000100000000000000000000
000000010011111100011011111100000000000000
000000001100000000000100000000000000000000
000000010011111110110101111110000000000000
000000001100000000001010000000000000000000
000000100011111100010111000001100000000000
000000010100000000001001111110000000000000
000000001011111110000111000000000000000000
000000110110001000000100111111111000000000
000000011011110000000011100000000000000000
000000100100001110000000011110000000000000
000000011011110000000011111111111100000000
000000110111001100000000110000001110000000
000000000000000000000000000000000000000000