000000000000000000000000000000000000000000
000000000000000111111111100110111000000000
000000000000001110000000011001000000000000
000000000000000000111110001111100000000000
000000000000001011111111110000000000000000
000000000000000100011111001100000000000000
000000000000001111110000000000000000000000
000000000000000000001111111110000000000000
000000000000000000000000110000000000000000
000000000000000000000000001111000000000000
000000000000000000000010100000000000000000
000000000000000000000001011111000000000000
000000000000000000000000111000000000000000
000000000000000000000011000100000000000000
000000000000000000001100111000000000000000
000000000000000000000011101000000000000000
000000000000000000011110010000000000000000
000000000000000000100001000000000000000000
000000000000000000111111110000000000000000
000000000000000000000000000000000000000000
000000000000000001110011100000000000000000
000000000000000110001111000000000000000000
000000000000000011110000000000000000000000
000000000000001100001100111110000000000000
000000000000000000011111000000000000000000
000000000000000110000001111111000000000000
000000000000011101111111110000000000000000
000000000001100111000000000110000000000000
000000000000111101100111111100000000000000
000000000011000010011000000100000000000000
000000000000000000000000000000000000000000