000000000000000000000000000011100000000000
000000010011111110000000000100011110000000
000000001100111110000000000011110001000000
000000000011000001000000000000001110000000
000000111111111110000000011111110001000000
000000000000011100000000000000011110000000
000000000011111111000000001111001001000000
000000011100011100100000100010111000000000
000000001111100011000001010001010110000000
000000000000000000000000101100001111100000
000001111111111110000000011110000000000000
000000100000000111110000011011111100100000
000001000001111000000001100111111000000000
000000111111110011110001011110000111110000
000000100000001101100001111001111100000000
000001011111100000000000000110111011100000
000010111110000110000000111000000110000000
000001000001000001110001100001111101110000
000000100000000011111111111000000011000000
000010011111000100000000010000011000110000
000010100011000011111111111000000111001000
000110011110000010000111110000000100110000
000011100011100001111000000000011011111100
000011011100000001000111000000110111000000
000001111011000000111110110000001110111000
000111100000000000000011000000011001000000
000111011100000001001101100000000110000000
000010100010000000110010000000000000011100
000101111111000000011111100000011111110100
000010111100000000010000000000000110011000
000000000000000000000000000000000000000000