000000000000000000000000000000000000000000
000000000000111111111111111111100000000000
000000000000000001111000000000000000000000
000000000000111100000111111111000000000000
000000000000000011000011000000000000000000
000000000000000110111000111111100000000000
000000000000111101110110000010000000000000
000000000000000011101110000101100000000000
000000000000011111011001111000000000000000
000000000000000000100000000000000000000000
000000000000111111000100000000000000000000
000000000000000000111000110000000000000000
000000000000011111100111101111000000000000
000000000001000000011111011000000000000000
000000000000111111111001110000000000000000
000000000000011000000000001111000000000000
000000000000100111001111111110000000000000
000000000001011000111011110000000000000000
000000000000110111100100111000000000000000
000000000000001100011000000000000000000000
000000000000111111111000000000000000000000
000000000000000000000000000000000000000000
000000000000100111100000000111100000000000
000000000000011000011010011000000000000000
000000000001111111101100100011000000000000
000000000000011110010101011100000000000000
000000000000000111111010110000000000000000
000000000000111100111101101111000000000000
000000000001000011100011010011000000000000
000000000000000010000000100000000000000000
000000000000000000000000000000000000000000