000000000000000000000000000000000001110000
000110000000000000111111000000001110001100
001001110000000000000110000000001111111000
000110111100000000011001000000000111110100
000000000000000000111111100000011000001000
000011111100000010000000000000001111111000
000110000000000001111111100000110011000000
000001111100000010000011100000011100110000
000000000000000001100000000000100111110000
001111111111000000011111110000001000000000
000000000000000010000001100000011111110000
000000011111000001110010010001100000000000
000011111000000100001111000001000111100000
000000000111000010000001111000000100000000
000000000000100101100011110001111011000000
000011111111000011011000010000011110000000
000000011100000100110000111000000001100000
000001110010001011000011000000111110000000
000000011110000100110000111111100001000000
000001111000100000100000000000011100000000
000000000111111111000001100011100011000000
000000111111011100000000011100011100000000
000000000011111111000000000011100000000000
000000011100000111000000111100111100000000
000000011110000000100000001011100000000000
000000000001110011000000000110111000000000
000000000000001110000000000011100000000000
000000000001110011100000011000111100000000
000000000011001110000000101111110000000000
000000000110100011000000010000001000000000
000000000000000000000000000000000000000000