000000000000000000000110000000000000000000
000000000000000111111001100000000000000000
000000000000000000011111100000000000000000
000000000000000011100000000000000000000000
000000000000000100001111000000000000000000
000000000000000011111001000000000000000000
000000000000000100000111000000000000000000
000000000000000010001001000000000000000000
000000000000000001001111100000000000000000
000000000000000000100000000000000000000000
000000000000000010011111000000000000000000
000000000000000001111110000000000000000000
000000000000000010000001000000000000000000
000000000000000001111111000000000000000000
000000000000000100010000000000000000000000
000000000000000010011111000000000000000000
000000000000000101100000000000000000000000
000000000000000011111111000000000000000000
000000000000000000000000000000000000000000
000000000000000010001111100000000000000000
000000000000000101000001000000000000000000
000000000000000100100011000000000000000000
000000000000000100011111000000000000000000
000000000000000101101110000000000000000000
000000000000000100011111100000000000000000
000000000000000011110000000000000000000000
000000000000000000000011000000000000000000
000000000000000011111011100000000000000000
000000000000000000100000000000000000000000
000000000000000011011111000000000000000000
000000000000000000000000000000000000000000