000000000000000000000000000011000000000000
000000000000000000000000111110110000000000
000000000111111110000000000111110000000000
000000000000000111000000111100001000000000
000000000100011000000000000011110000000000
000000000011111111000000011110000000000000
000000000000001110000000000001110000000000
000000001000111100000000011111000000000000
000000000111001111000000000011111000000000
000000000000111000000000111100000000000000
000000001111001111000000000011110000000000
000000000001110000000000011100000000000000
000000001111001000000000001011111000000000
000000000001111010000000100110000000000000
000000000000000100000000011000000000000000
000000000111100010000000100111111000000000
000000000000111100000000011110000000000000
000000000010001111000000110001111000000000
000000000001111111000000011110000000000000
000000000000000111100000000011110000000000
000000000100011111000001111100010000000000
000000000011111111111000000011100000000000
000000000000011111111111001000000000000000
000000000000000000000000111111110000000000
000000000010111111111111100100000000000000
000000000001000000000000110010000000000000
000000000000111111111110001100000000000000
000000000000011100001111100100000000000000
000000000000001111110000010000000000000000
000000000000000001111110000000000000000000
000000000000000000000000000000000000000000