000000000111000000000000000000000000000000
000000111001111100000000000111111110000000
000000011111000000000000001111111000000000
000000100000111110000000000000000000000000
000000001111100000000000011111111111000000
000000000000111111000000000000000000000000
000000000011000000000000000011111100000000
000000011100110000000000011110011100000000
000000000000001111000000000011100000000000
000000000111111100000000000100011100000000
000000000000000011100000110011100000000000
000000000001111100000001001111010000000000
000000000001111000100001100110100000000000
000000000011111111010000011011110000000000
000000000000011001100001000110000000000000
000000000001111111011000111000000000000000
000000000000000001110010000111000000000000
000000000000011111100001111110000000000000
000000000000000001110011111101000000000000
000000000000101110011110000011000000000000
000000000000010001110011111100000000000000
000000000000001110011100000010000000000000
000000000000000000100001111100000000000000
000000000000001000000011100010000000000000
000000000000000111111111011100000000000000
000000000000000000000000110000000000000000
000000000000000011111111001000000000000000
000000000000000000001111110000000000000000
000000000000000000000000000000000000000000
000000000000000001111111110000000000000000
000000000000000000000000000000000000000000