000000000000000000000011100000000000000000
000000000000000011111111000000000000000000
000000000000011100000001111111100000000000
000000000001100111111110000110000000000000
000000000010001000000011110000100000000000
000000000001110001100000001100000000000000
000000000000001111111001111111111000000000
000000000000010000000100000000000000000000
000000000011100111110011111111111000000000
000000000000011100000000100000000000000000
000000001111100010000000011000000000000000
000000010111110100000000000000000000000000
000000010000000100000000000000000000000000
000000001111111100000001111111111110000000
000000000100000100000000011101111111000000
000000000011111000000001101110000000000000
000000000100100000000011010011111110000000
000000110011011000000001111100000001100000
000000001110100110000010001111111110000000
000000010000011100000001110111100001000000
000000001110000111000000000000011110000000
000000000011100000000000011111111000000000
000000000100011111111100000111001100000000
000000000000111100000011111000000000000000
000000000001000011111111100111111100000000
000000000001111110000011111100000000000000
000000000000000001111111100000000000000000
000000000000001111110011111111000000000000
000000000000000000001100000000000000000000
000000000000000011111111000000000000000000
000000000000000000000000000000000000000000