000000000000010000000000000100000000000000
000000001111111100000000001101100000000000
000000001100000010000000000110111100000000
000000000011111100000000000011000000000000
000000000010001110000000001100011000000000
000000001111111000000000000001101100000000
000000000011110000100000001110010000000000
000000011110011111000000000011101100000000
000000000001110001110000001101111000000000
000000001110001111100000000011100100000000
000000001001100000111000001111000000000000
000000000111011111110000000101111100000000
000000011101101000001110011010011000000000
000000000010010100110000001101100110000000
000000011101001010000011000110000000000000
000000000010100101111100011011111100000000
000000111111111000000001110001110000000000
000000000011010000101111001111101100000000
000000011100101000010000111000000000000000
000000000011011000011111100000111100000000
000000010010110000010000011101100000000000
000000001001001100001111110111011100000000
000000001010111000001000011100110000000000
000000110101001100000111100011100000000000
000000011110111000000010001100010000000000
000000010111100000000001110011110010000000
000000001011011000000000001110001110000000
000000111000100000000000111111111000000000
000000110110000000000000000111001110000000
000000000001111000000000011111111000000000
000000000000000000000000000000000000000000